-5.000000000000000278e-02 0.000000000000000000e+00
5.000000000000000278e-02 5.291978735958436504e+06
1.499999999999999944e-01 8.907354638610439375e+06
2.500000000000000000e-01 1.217382727739662118e+07
3.499999999999999778e-01 1.350993521198025160e+07
4.499999999999999556e-01 1.398713102647238597e+07
5.499999999999999334e-01 1.448118227674533054e+07
6.500000000000000222e-01 1.499268432786047086e+07
7.500000000000000000e-01 1.607052818261638470e+07
8.499999999999999778e-01 1.783430876931909472e+07
9.499999999999999556e-01 2.437444150122221559e+07
1.050000000000000044e+00 0.000000000000000000e+00
