-5.000000000000000278e-02 0.000000000000000000e+00
5.000000000000000278e-02 1.059560179277614877e+07
1.499999999999999944e-01 4.713753134116728604e+07
2.500000000000000000e-01 5.415871378079465032e+07
3.499999999999999778e-01 6.442363508721370250e+07
4.499999999999999556e-01 6.905513520162330568e+07
5.499999999999999334e-01 8.214343584919421375e+07
6.500000000000000222e-01 9.437878277775390446e+07
7.500000000000000000e-01 1.122667773510811329e+08
8.499999999999999778e-01 1.382622173764653504e+08
9.499999999999999556e-01 2.025501939230666459e+08
1.050000000000000044e+00 0.000000000000000000e+00
