-5.000000000000000278e-02 0.000000000000000000e+00
5.000000000000000278e-02 2.221946860939523671e+06
1.499999999999999944e-01 3.739937302478794008e+06
2.500000000000000000e-01 4.937047852839003317e+06
3.499999999999999778e-01 5.672426068491977639e+06
4.499999999999999556e-01 5.872786613189476542e+06
5.499999999999999334e-01 5.872786613189476542e+06
6.500000000000000222e-01 6.080224261649427004e+06
7.500000000000000000e-01 6.294988990221887827e+06
8.499999999999999778e-01 7.232633896483534016e+06
9.499999999999999556e-01 9.547716114208066836e+06
1.050000000000000044e+00 0.000000000000000000e+00
