-5.000000000000000278e-02 0.000000000000000000e+00
5.000000000000000278e-02 1.059560179277614877e+07
1.499999999999999944e-01 2.704959730463131517e+07
2.500000000000000000e-01 3.962688638701478392e+07
3.499999999999999778e-01 4.247571552536894381e+07
4.499999999999999556e-01 4.552935074866947532e+07
5.499999999999999334e-01 4.552935074866947532e+07
6.500000000000000222e-01 4.397603609302721173e+07
7.500000000000000000e-01 4.880251583654433489e+07
8.499999999999999778e-01 5.415871378079465032e+07
9.499999999999999556e-01 6.905513520162330568e+07
1.050000000000000044e+00 0.000000000000000000e+00
