# Detectable R_SN as a function of U-238 concentration (Espomite, 100g, 15nm, t_age = 1 Gyr)
# Columns: C_238 [Fraction by weight], R_SN (Olivine) [yr^-1], R_SN (Halite) [yr^-1], R_SN (Epsomite) [yr^-1], R_SN (Nchwaningite) [yr^-1]
1.000000000000000182e-12 4.778650040972487467e-01 7.723771564781388259e-03 1.979144766893143476e-02 1.165417647200026885e-01
1.623776739188721036e-12 6.008667883391115572e-01 9.308773565746095158e-03 2.382918971156568894e-02 1.472359544804145992e-01
2.636650898730358330e-12 7.590166192662546329e-01 1.144759134425769355e-02 2.886094891268629892e-02 1.865564110598592062e-01
4.281332398719395636e-12 9.618041770419182290e-01 1.427680917919883774e-02 3.518475546370744556e-02 2.368557077870689365e-01
6.951927961775605747e-12 1.221279527962638500e+00 1.791496027356821036e-02 4.324176025553775476e-02 3.011199624850962042e-01
1.128837891684688884e-11 1.552796427695116055e+00 2.249201298042323438e-02 5.360197740428475355e-02 3.831516926498603204e-01
1.832980710832435609e-11 1.975933842317458167e+00 2.823165989137295384e-02 6.696252735503499531e-02 4.877979956457338950e-01
2.976351441631317983e-11 2.515654155250619528e+00 3.548459536210411824e-02 8.417426708547848246e-02 6.212386661405880917e-01
4.832930238571751891e-11 3.203766361711410493e+00 4.471854309134130900e-02 1.062909051006295374e-01 7.913519890662212841e-01
7.847599703514612180e-11 4.080774447150896656e+00 5.651887790838646536e-02 1.346343258883494765e-01 1.008180217243385357e+00
1.274274985703133570e-10 5.198204137898787103e+00 7.161246738632090492e-02 1.708747203961273886e-01 1.284522467958170155e+00
2.069138081114790412e-10 6.621511793514198274e+00 9.090966311198944716e-02 2.171281150222297285e-01 1.636690280003909370e+00
3.359818286283781515e-10 8.433680663113205966e+00 1.155606719966001394e-01 2.760777776469731659e-01 2.085470764465414906e+00
5.455594781168514594e-10 1.073959140516028654e+01 1.470263219850785619e-01 3.511313231605164842e-01 2.657354530432716189e+00
8.858667904100823706e-10 1.367120473661747937e+01 1.871662266096359162e-01 4.466315382164251502e-01 3.386100760395992726e+00
1.438449888287663192e-09 1.739352409855230519e+01 2.383493744491032573e-01 5.681397113725746850e-01 4.314730989932296978e+00
2.335721469090121601e-09 2.211131288047926446e+01 3.035937238952240436e-01 7.227986500202605580e-01 5.498068424240971197e+00
3.792690190732246209e-09 2.807694931012187567e+01 3.867430457451329628e-01 9.197707274662628718e-01 7.005972803410869254e+00
6.158482110660261465e-09 3.560125680123169900e+01 4.926915323816351000e-01 1.170761658800826943e+00 8.927462495698000211e+00
1.000000000000000021e-08 4.507201869063342770e+01 6.276701619282673006e-01 1.490676813525861677e+00 1.137596722648568992e+01
