# Detectable R_SN as a function of mineral age (100g, 15nm, C_238 = 1e-11)
# Columns: t_age [Gyr], R_SN (Olivine) [yr^-1], R_SN (Halite) [yr^-1], R_SN (Epsomite) [yr^-1], R_SN (Nchwaningite) [yr^-1]
1.000000000000000056e-01 4.630344678618699916e+00 5.119040109232743385e-02 4.684397536471505141e-01 3.620005537969127829e+00
1.310344827586207017e-01 4.046890915998419658e+00 4.658947267042971851e-02 4.115726223858137689e-01 3.162575358825935989e+00
1.620689655172413701e-01 3.640069457771788031e+00 4.321593151773296670e-02 3.714698656882713945e-01 2.843810333551409997e+00
1.931034482758620663e-01 3.335654067672084278e+00 4.057819072928875448e-02 3.412341369034280758e-01 2.605363930211386680e+00
2.241379310344827624e-01 3.096833402580169814e+00 3.842914779698301808e-02 3.173846300313264979e-01 2.418333395240423123e+00
2.551724137931034586e-01 2.903002435198917208e+00 3.662743537248518144e-02 2.979488990143734362e-01 2.266552930566254176e+00
2.862068965517241548e-01 2.741609998245264190e+00 3.508468825808622182e-02 2.817143748812703241e-01 2.140180841356629671e+00
3.172413793103447954e-01 2.604516509413452141e+00 3.374201472714407485e-02 2.678890369581090614e-01 2.032837285720776599e+00
3.482758620689655471e-01 2.486181673733372399e+00 3.255822029434384673e-02 2.559306727729273589e-01 1.940181128865634319e+00
3.793103448275861878e-01 2.382686240858435500e+00 3.150338156860606892e-02 2.454538934923041760e-01 1.859142184909871487e+00
4.103448275862069394e-01 2.291169106919357823e+00 3.055509545469230898e-02 2.361762393230496526e-01 1.787479630400947705e+00
4.413793103448275801e-01 2.209486245929065618e+00 2.969616889420317180e-02 2.278853256230261859e-01 1.723514536253617724e+00
4.724137931034482207e-01 2.135995047238361977e+00 2.891313200564749053e-02 2.204179618688535958e-01 1.665960794028840342e+00
5.034482758620689724e-01 2.069412972210919577e+00 2.819524560162242968e-02 2.136464057328379684e-01 1.613814334099723968e+00
5.344827586206896131e-01 2.008722043263292178e+00 2.753381800972232868e-02 2.074690385967586370e-01 1.566278282073052086e+00
5.655172413793103647e-01 1.953102577278907903e+00 2.692172228565652484e-02 2.018038741645105383e-01 1.522711040905384783e+00
5.965517241379310054e-01 1.901886138039699414e+00 2.635304720872744949e-02 1.965839358783412483e-01 1.482589436347870882e+00
6.275862068965516460e-01 1.854521449587334780e+00 2.582283994409678707e-02 1.917538987909935821e-01 1.445482018962221726e+00
6.586206896551723977e-01 1.810549251712213037e+00 2.532691296087855384e-02 1.872676064096449600e-01 1.411029372338350019e+00
6.896551724137930384e-01 1.769583451234225002e+00 2.486169690579562164e-02 1.830862052185270872e-01 1.378929353400905944e+00
7.206896551724137900e-01 1.731296787093554057e+00 2.442412693647924224e-02 1.791767231229453861e-01 1.348925868367128800e+00
7.517241379310344307e-01 1.695409784996926961e+00 2.401155380860024377e-02 1.755109721262265443e-01 1.320800225112831683e+00
7.827586206896551824e-01 1.661682145171287095e+00 2.362167354173084002e-02 1.720646913083233032e-01 1.294364390977529311e+00
8.137931034482758230e-01 1.629905954164787563e+00 2.325247121183594834e-02 1.688168702874152938e-01 1.269455678906900920e+00
8.448275862068964637e-01 1.599900281038657557e+00 2.290217561325160259e-02 1.657492098959303661e-01 1.245932517565376152e+00
8.758620689655172153e-01 1.571506836199489943e+00 2.256922237485386659e-02 1.628456883472834682e-01 1.223671053429337796e+00
9.068965517241378560e-01 1.544586454431620792e+00 2.225222371753246900e-02 1.600922093426482007e-01 1.202562398132684507e+00
9.379310344827586077e-01 1.519016223362580131e+00 2.194994347658181175e-02 1.574763144328749642e-01 1.182510381081288919e+00
9.689655172413792483e-01 1.494687121894734849e+00 2.166127633340561229e-02 1.549869462137309917e-01 1.163429701263194005e+00
1.000000000000000000e+00 1.471502064912804331e+00 2.138523043891924977e-02 1.526142520670166203e-01 1.145244397072777254e+00
